0.0000 1.0000 0.1745
0.0050 1.0001 0.1738
0.0100 1.0002 0.1724
0.0150 1.0003 0.1705
0.0200 1.0006 0.1679
0.0250 1.0008 0.1648
0.0300 1.0011 0.1613
0.0350 1.0014 0.1573
0.0400 1.0018 0.1530
0.0450 1.0022 0.1483
0.0501 1.0026 0.1433
0.0551 1.0030 0.1380
0.0601 1.0034 0.1326
0.0651 1.0039 0.1269
0.0701 1.0043 0.1210
0.0752 1.0048 0.1150
0.0802 1.0052 0.1089
0.0852 1.0057 0.1027
0.0903 1.0061 0.0965
0.0953 1.0066 0.0902
0.1003 1.0070 0.0840
0.1053 1.0074 0.0777
0.1104 1.0078 0.0715
0.1154 1.0082 0.0652
0.1204 1.0086 0.0591
0.1254 1.0090 0.0530
0.1305 1.0093 0.0470
0.1355 1.0096 0.0411
0.1405 1.0099 0.0353
0.1455 1.0102 0.0296
0.1506 1.0105 0.0240
0.1556 1.0107 0.0186
0.1606 1.0110 0.0132
0.1656 1.0112 0.0080
0.1706 1.0113 0.0029
0.1757 1.0115 -0.0020
0.1807 1.0116 -0.0068
0.1857 1.0117 -0.0115
0.1907 1.0118 -0.0160
0.1957 1.0119 -0.0205
0.2007 1.0119 -0.0247
0.2058 1.0119 -0.0289
0.2108 1.0119 -0.0329
0.2158 1.0119 -0.0367
0.2208 1.0118 -0.0405
0.2258 1.0117 -0.0441
0.2309 1.0116 -0.0476
0.2359 1.0115 -0.0510
0.2409 1.0114 -0.0543
0.2459 1.0112 -0.0575
0.2509 1.0110 -0.0605
0.2560 1.0108 -0.0635
0.2610 1.0106 -0.0664
0.2660 1.0103 -0.0691
0.2710 1.0101 -0.0718
0.2760 1.0098 -0.0744
0.2811 1.0095 -0.0770
0.2861 1.0092 -0.0794
0.2911 1.0089 -0.0818
0.2961 1.0085 -0.0841
0.3012 1.0081 -0.0863
0.3062 1.0078 -0.0885
0.3112 1.0074 -0.0907
0.3162 1.0070 -0.0927
0.3213 1.0065 -0.0948
0.3263 1.0061 -0.0968
0.3313 1.0056 -0.0987
0.3363 1.0052 -0.1006
0.3414 1.0047 -0.1025
0.3464 1.0042 -0.1043
0.3514 1.0037 -0.1061
0.3565 1.0032 -0.1079
0.3615 1.0027 -0.1097
0.3665 1.0021 -0.1114
0.3715 1.0016 -0.1132
0.3766 1.0010 -0.1149
0.3816 1.0004 -0.1166
0.3866 0.9998 -0.1183
0.3917 0.9992 -0.1199
0.3967 0.9986 -0.1216
0.4017 0.9980 -0.1233
0.4068 0.9974 -0.1249
0.4118 0.9967 -0.1266
0.4168 0.9961 -0.1283
0.4218 0.9954 -0.1299
0.4269 0.9948 -0.1316
0.4319 0.9941 -0.1332
0.4369 0.9934 -0.1349
0.4420 0.9927 -0.1366
0.4470 0.9920 -0.1382
0.4520 0.9913 -0.1399
0.4570 0.9906 -0.1416
0.4621 0.9898 -0.1433
0.4671 0.9891 -0.1450
0.4721 0.9883 -0.1467
0.4772 0.9876 -0.1484
0.4822 0.9868 -0.1501
0.4872 0.9860 -0.1518
0.4923 0.9852 -0.1535
0.4973 0.9844 -0.1553
0.5023 0.9836 -0.1570
0.5073 0.9828 -0.1588
0.5124 0.9820 -0.1605
0.5174 0.9812 -0.1623
0.5224 0.9803 -0.1641
0.5275 0.9795 -0.1659
0.5325 0.9786 -0.1677
0.5375 0.9777 -0.1695
0.5425 0.9769 -0.1713
0.5476 0.9760 -0.1731
0.5526 0.9751 -0.1749
0.5576 0.9742 -0.1768
0.5626 0.9733 -0.1786
0.5677 0.9723 -0.1805
0.5727 0.9714 -0.1823
0.5777 0.9705 -0.1842
0.5827 0.9695 -0.1860
0.5878 0.9685 -0.1879
0.5928 0.9676 -0.1897
0.5978 0.9666 -0.1916
0.6029 0.9656 -0.1935
0.6079 0.9646 -0.1954
0.6129 0.9636 -0.1973
0.6179 0.9626 -0.1991
0.6230 0.9616 -0.2010
0.6280 0.9605 -0.2029
0.6330 0.9595 -0.2048
0.6380 0.9584 -0.2067
0.6431 0.9573 -0.2086
0.6481 0.9563 -0.2105
0.6531 0.9552 -0.2124
0.6581 0.9541 -0.2143
0.6632 0.9530 -0.2162
0.6682 0.9519 -0.2181
0.6732 0.9507 -0.2200
0.6782 0.9496 -0.2219
0.6833 0.9485 -0.2238
0.6883 0.9473 -0.2257
0.6933 0.9462 -0.2276
0.6983 0.9450 -0.2295
0.7034 0.9438 -0.2314
0.7084 0.9426 -0.2333
0.7134 0.9414 -0.2352
0.7184 0.9402 -0.2371
0.7235 0.9390 -0.2390
0.7285 0.9377 -0.2409
0.7335 0.9365 -0.2428
0.7386 0.9352 -0.2447
0.7436 0.9340 -0.2466
0.7486 0.9327 -0.2485
0.7536 0.9314 -0.2504
0.7587 0.9301 -0.2523
0.7637 0.9288 -0.2541
0.7687 0.9275 -0.2560
0.7737 0.9262 -0.2579
0.7788 0.9249 -0.2598
0.7838 0.9235 -0.2616
0.7888 0.9222 -0.2635
0.7938 0.9208 -0.2654
0.7989 0.9194 -0.2672
0.8039 0.9180 -0.2691
0.8089 0.9166 -0.2710
0.8140 0.9152 -0.2728
0.8190 0.9138 -0.2747
0.8240 0.9124 -0.2765
0.8290 0.9110 -0.2784
0.8341 0.9095 -0.2802
0.8391 0.9081 -0.2821
0.8441 0.9066 -0.2839
0.8491 0.9051 -0.2857
0.8542 0.9037 -0.2876
0.8592 0.9022 -0.2894
0.8642 0.9007 -0.2912
0.8693 0.8991 -0.2931
0.8743 0.8976 -0.2949
0.8793 0.8961 -0.2967
0.8843 0.8945 -0.2985
0.8894 0.8930 -0.3004
0.8944 0.8914 -0.3022
0.8994 0.8898 -0.3040
0.9044 0.8883 -0.3058
0.9095 0.8867 -0.3076
0.9145 0.8851 -0.3094
0.9195 0.8834 -0.3112
0.9246 0.8818 -0.3130
0.9296 0.8802 -0.3148
0.9346 0.8785 -0.3166
0.9396 0.8769 -0.3184
0.9447 0.8752 -0.3202
0.9497 0.8735 -0.3220
0.9547 0.8719 -0.3238
0.9598 0.8702 -0.3256
0.9648 0.8685 -0.3274
0.9698 0.8667 -0.3291
0.9749 0.8650 -0.3309
0.9799 0.8633 -0.3327
0.9849 0.8615 -0.3345
0.9899 0.8598 -0.3362
0.9950 0.8580 -0.3380
1.0000 0.8562 -0.3398
1.0050 0.8545 -0.3415
1.0101 0.8527 -0.3433
1.0151 0.8509 -0.3451
1.0201 0.8490 -0.3468
1.0251 0.8472 -0.3486
1.0302 0.8454 -0.3503
1.0352 0.8435 -0.3521
1.0402 0.8417 -0.3538
1.0453 0.8398 -0.3556
1.0503 0.8379 -0.3573
1.0553 0.8361 -0.3591
1.0604 0.8342 -0.3608
1.0654 0.8323 -0.3626
1.0704 0.8303 -0.3643
1.0755 0.8284 -0.3660
1.0805 0.8265 -0.3678
1.0855 0.8245 -0.3695
1.0905 0.8226 -0.3712
1.0956 0.8206 -0.3730
1.1006 0.8186 -0.3747
1.1056 0.8167 -0.3764
1.1107 0.8147 -0.3781
1.1157 0.8127 -0.3798
1.1207 0.8106 -0.3816
1.1258 0.8086 -0.3833
1.1308 0.8066 -0.3850
1.1358 0.8045 -0.3867
1.1409 0.8025 -0.3884
1.1459 0.8004 -0.3901
1.1509 0.7983 -0.3918
1.1560 0.7962 -0.3935
1.1610 0.7941 -0.3952
1.1660 0.7920 -0.3969
1.1711 0.7899 -0.3986
1.1761 0.7878 -0.4003
1.1811 0.7857 -0.4020
1.1862 0.7835 -0.4036
1.1912 0.7814 -0.4053
1.1962 0.7792 -0.4070
1.2013 0.7770 -0.4087
1.2063 0.7748 -0.4104
1.2113 0.7726 -0.4120
1.2164 0.7704 -0.4137
1.2214 0.7682 -0.4154
1.2264 0.7660 -0.4170
1.2315 0.7637 -0.4187
1.2365 0.7615 -0.4204
1.2415 0.7592 -0.4220
1.2466 0.7570 -0.4237
1.2516 0.7547 -0.4253
1.2566 0.7524 -0.4270
1.2617 0.7501 -0.4286
1.2667 0.7478 -0.4303
1.2717 0.7455 -0.4319
1.2768 0.7432 -0.4336
1.2818 0.7408 -0.4352
1.2868 0.7385 -0.4368
1.2919 0.7361 -0.4385
1.2969 0.7337 -0.4401
1.3019 0.7314 -0.4417
1.3070 0.7290 -0.4433
1.3120 0.7266 -0.4450
1.3171 0.7242 -0.4466
1.3221 0.7218 -0.4482
1.3271 0.7193 -0.4498
1.3322 0.7169 -0.4514
1.3372 0.7144 -0.4530
1.3422 0.7120 -0.4546
1.3473 0.7095 -0.4562
1.3523 0.7070 -0.4578
1.3573 0.7046 -0.4594
1.3624 0.7021 -0.4610
1.3674 0.6995 -0.4626
1.3725 0.6970 -0.4642
1.3775 0.6945 -0.4658
1.3825 0.6920 -0.4674
1.3876 0.6894 -0.4690
1.3926 0.6868 -0.4706
1.3976 0.6843 -0.4721
1.4027 0.6817 -0.4737
1.4077 0.6791 -0.4753
1.4128 0.6765 -0.4769
1.4178 0.6739 -0.4784
1.4228 0.6713 -0.4800
1.4279 0.6687 -0.4816
1.4329 0.6660 -0.4831
1.4380 0.6634 -0.4847
1.4430 0.6607 -0.4862
1.4480 0.6580 -0.4878
1.4531 0.6554 -0.4893
1.4581 0.6527 -0.4909
1.4632 0.6500 -0.4924
1.4682 0.6473 -0.4939
1.4732 0.6445 -0.4955
1.4783 0.6418 -0.4970
1.4833 0.6391 -0.4986
1.4884 0.6363 -0.5001
1.4934 0.6336 -0.5016
1.4984 0.6308 -0.5031
1.5035 0.6280 -0.5047
1.5085 0.6252 -0.5062
1.5136 0.6224 -0.5077
1.5186 0.6196 -0.5092
1.5236 0.6168 -0.5107
1.5287 0.6139 -0.5122
1.5337 0.6111 -0.5137
1.5388 0.6083 -0.5152
1.5438 0.6054 -0.5167
1.5489 0.6025 -0.5182
1.5539 0.5996 -0.5197
1.5589 0.5967 -0.5212
1.5640 0.5938 -0.5227
1.5690 0.5909 -0.5242
1.5741 0.5880 -0.5257
1.5791 0.5851 -0.5272
1.5842 0.5821 -0.5286
1.5892 0.5792 -0.5301
1.5942 0.5762 -0.5316
1.5993 0.5732 -0.5330
1.6043 0.5703 -0.5345
1.6094 0.5673 -0.5360
1.6144 0.5643 -0.5374
1.6195 0.5613 -0.5389
1.6245 0.5582 -0.5404
1.6296 0.5552 -0.5418
1.6346 0.5522 -0.5433
1.6396 0.5491 -0.5447
1.6447 0.5460 -0.5462
1.6497 0.5430 -0.5476
1.6548 0.5399 -0.5490
1.6598 0.5368 -0.5505
1.6649 0.5337 -0.5519
1.6699 0.5306 -0.5533
1.6750 0.5275 -0.5548
1.6800 0.5243 -0.5562
1.6851 0.5212 -0.5576
1.6901 0.5180 -0.5591
1.6951 0.5149 -0.5605
1.7002 0.5117 -0.5619
1.7052 0.5085 -0.5633
1.7103 0.5053 -0.5647
1.7153 0.5021 -0.5661
1.7204 0.4989 -0.5675
1.7254 0.4957 -0.5689
1.7305 0.4924 -0.5703
1.7355 0.4892 -0.5717
1.7406 0.4859 -0.5731
1.7456 0.4827 -0.5745
1.7507 0.4794 -0.5759
1.7557 0.4761 -0.5773
1.7608 0.4728 -0.5787
1.7658 0.4695 -0.5801
1.7709 0.4662 -0.5814
1.7759 0.4629 -0.5828
1.7810 0.4595 -0.5842
1.7860 0.4562 -0.5856
1.7911 0.4528 -0.5869
1.7961 0.4495 -0.5883
1.8012 0.4461 -0.5897
1.8062 0.4427 -0.5910
1.8113 0.4393 -0.5924
1.8163 0.4359 -0.5937
1.8214 0.4325 -0.5951
1.8264 0.4291 -0.5964
1.8315 0.4256 -0.5978
1.8365 0.4222 -0.5991
1.8416 0.4187 -0.6005
1.8466 0.4153 -0.6018
1.8517 0.4118 -0.6031
1.8567 0.4083 -0.6045
1.8618 0.4048 -0.6058
1.8669 0.4013 -0.6071
1.8719 0.3978 -0.6085
1.8770 0.3943 -0.6098
1.8820 0.3907 -0.6111
1.8871 0.3872 -0.6124
1.8921 0.3836 -0.6137
1.8972 0.3800 -0.6151
1.9022 0.3765 -0.6164
1.9073 0.3729 -0.6177
1.9123 0.3693 -0.6190
1.9174 0.3657 -0.6203
1.9224 0.3621 -0.6216
1.9275 0.3584 -0.6229
1.9326 0.3548 -0.6242
1.9376 0.3512 -0.6255
1.9427 0.3475 -0.6268
1.9477 0.3438 -0.6280
1.9528 0.3401 -0.6293
1.9578 0.3365 -0.6306
1.9629 0.3328 -0.6319
1.9680 0.3291 -0.6332
1.9730 0.3253 -0.6344
1.9781 0.3216 -0.6357
1.9831 0.3179 -0.6370
1.9882 0.3141 -0.6382
1.9932 0.3104 -0.6395
1.9983 0.3066 -0.6408
2.0034 0.3028 -0.6420
2.0084 0.2990 -0.6433
2.0135 0.2952 -0.6445
2.0185 0.2914 -0.6458
2.0236 0.2876 -0.6470
2.0286 0.2838 -0.6483
2.0337 0.2799 -0.6495
2.0388 0.2761 -0.6508
2.0438 0.2722 -0.6520
2.0489 0.2684 -0.6532
2.0539 0.2645 -0.6545
2.0590 0.2606 -0.6557
2.0641 0.2567 -0.6569
2.0691 0.2528 -0.6582
2.0742 0.2489 -0.6594
2.0792 0.2449 -0.6606
2.0843 0.2410 -0.6618
2.0894 0.2371 -0.6631
2.0944 0.2331 -0.6643
2.0995 0.2291 -0.6655
2.1046 0.2251 -0.6667
2.1096 0.2212 -0.6679
2.1147 0.2172 -0.6691
2.1197 0.2131 -0.6703
2.1248 0.2091 -0.6715
2.1299 0.2051 -0.6727
2.1349 0.2011 -0.6739
2.1400 0.1970 -0.6751
2.1451 0.1929 -0.6763
2.1501 0.1889 -0.6775
2.1552 0.1848 -0.6786
2.1602 0.1807 -0.6798
2.1653 0.1766 -0.6810
2.1704 0.1725 -0.6822
2.1754 0.1684 -0.6834
2.1805 0.1642 -0.6845
2.1856 0.1601 -0.6857
2.1906 0.1560 -0.6869
2.1957 0.1518 -0.6880
2.2008 0.1476 -0.6892
2.2058 0.1434 -0.6904
2.2109 0.1393 -0.6915
2.2160 0.1351 -0.6927
2.2210 0.1308 -0.6938
2.2261 0.1266 -0.6950
2.2312 0.1224 -0.6961
2.2362 0.1182 -0.6973
2.2413 0.1139 -0.6984
2.2464 0.1096 -0.6996
2.2514 0.1054 -0.7007
2.2565 0.1011 -0.7018
2.2616 0.0968 -0.7030
2.2666 0.0925 -0.7041
2.2717 0.0882 -0.7052
2.2768 0.0839 -0.7064
2.2818 0.0795 -0.7075
2.2869 0.0752 -0.7086
2.2920 0.0708 -0.7097
2.2970 0.0665 -0.7109
2.3021 0.0621 -0.7120
2.3072 0.0577 -0.7131
2.3123 0.0533 -0.7142
2.3173 0.0489 -0.7153
2.3224 0.0445 -0.7164
2.3275 0.0401 -0.7175
2.3325 0.0357 -0.7186
2.3376 0.0312 -0.7197
2.3427 0.0268 -0.7208
2.3478 0.0223 -0.7219
2.3528 0.0178 -0.7230
2.3579 0.0134 -0.7241
2.3630 0.0089 -0.7252
2.3680 0.0044 -0.7263
2.3731 -0.0001 -0.7274
2.3782 -0.0047 -0.7284
2.3833 -0.0092 -0.7295
2.3883 -0.0137 -0.7306
2.3934 -0.0183 -0.7317
2.3985 -0.0228 -0.7328
2.4035 -0.0274 -0.7338
2.4086 -0.0320 -0.7349
2.4137 -0.0366 -0.7360
2.4188 -0.0412 -0.7370
2.4238 -0.0458 -0.7381
2.4289 -0.0504 -0.7391
2.4340 -0.0551 -0.7402
2.4391 -0.0597 -0.7413
2.4441 -0.0644 -0.7423
2.4492 -0.0690 -0.7434
2.4543 -0.0737 -0.7444
2.4594 -0.0784 -0.7455
2.4644 -0.0831 -0.7465
2.4695 -0.0878 -0.7476
2.4746 -0.0925 -0.7486
2.4797 -0.0972 -0.7496
2.4847 -0.1019 -0.7507
2.4898 -0.1067 -0.7517
2.4949 -0.1114 -0.7527
2.5000 -0.1162 -0.7538
2.5051 -0.1210 -0.7548
2.5101 -0.1257 -0.7558
2.5152 -0.1305 -0.7568
2.5203 -0.1353 -0.7579
2.5254 -0.1402 -0.7589
2.5304 -0.1450 -0.7599
2.5355 -0.1498 -0.7609
2.5406 -0.1546 -0.7619
2.5457 -0.1595 -0.7629
2.5508 -0.1644 -0.7640
2.5558 -0.1692 -0.7650
2.5609 -0.1741 -0.7660
2.5660 -0.1790 -0.7670
2.5711 -0.1839 -0.7680
2.5762 -0.1888 -0.7690
2.5812 -0.1938 -0.7700
2.5863 -0.1987 -0.7710
2.5914 -0.2036 -0.7720
2.5965 -0.2086 -0.7729
2.6016 -0.2135 -0.7739
2.6066 -0.2185 -0.7749
2.6117 -0.2235 -0.7759
2.6168 -0.2285 -0.7769
2.6219 -0.2335 -0.7779
2.6270 -0.2385 -0.7788
2.6321 -0.2435 -0.7798
2.6371 -0.2486 -0.7808
2.6422 -0.2536 -0.7818
2.6473 -0.2587 -0.7827
2.6524 -0.2637 -0.7837
2.6575 -0.2688 -0.7847
2.6626 -0.2739 -0.7856
2.6676 -0.2790 -0.7866
2.6727 -0.2841 -0.7876
2.6778 -0.2892 -0.7885
2.6829 -0.2943 -0.7895
2.6880 -0.2994 -0.7904
2.6931 -0.3046 -0.7914
2.6981 -0.3097 -0.7923
2.7032 -0.3149 -0.7933
2.7083 -0.3201 -0.7942
2.7134 -0.3253 -0.7952
2.7185 -0.3304 -0.7961
2.7236 -0.3356 -0.7971
2.7287 -0.3409 -0.7980
2.7337 -0.3461 -0.7989
2.7388 -0.3513 -0.7999
2.7439 -0.3566 -0.8008
2.7490 -0.3618 -0.8018
2.7541 -0.3671 -0.8027
2.7592 -0.3723 -0.8036
2.7643 -0.3776 -0.8045
2.7694 -0.3829 -0.8055
2.7744 -0.3882 -0.8064
2.7795 -0.3935 -0.8073
2.7846 -0.3989 -0.8082
2.7897 -0.4042 -0.8091
2.7948 -0.4095 -0.8101
2.7999 -0.4149 -0.8110
2.8050 -0.4203 -0.8119
2.8101 -0.4256 -0.8128
2.8152 -0.4310 -0.8137
2.8202 -0.4364 -0.8146
2.8253 -0.4418 -0.8155
2.8304 -0.4472 -0.8164
2.8355 -0.4526 -0.8173
2.8406 -0.4581 -0.8182
2.8457 -0.4635 -0.8191
2.8508 -0.4690 -0.8200
2.8559 -0.4744 -0.8209
2.8610 -0.4799 -0.8218
2.8661 -0.4854 -0.8227
2.8711 -0.4909 -0.8236
2.8762 -0.4964 -0.8244
2.8813 -0.5019 -0.8253
2.8864 -0.5074 -0.8262
2.8915 -0.5129 -0.8271
2.8966 -0.5185 -0.8280
2.9017 -0.5240 -0.8288
2.9068 -0.5296 -0.8297
2.9119 -0.5352 -0.8306
2.9170 -0.5408 -0.8315
2.9221 -0.5464 -0.8323
2.9272 -0.5520 -0.8332
2.9323 -0.5576 -0.8341
2.9374 -0.5632 -0.8349
2.9425 -0.5688 -0.8358
2.9475 -0.5745 -0.8367
2.9526 -0.5801 -0.8375
2.9577 -0.5858 -0.8384
2.9628 -0.5915 -0.8392
2.9679 -0.5971 -0.8401
2.9730 -0.6028 -0.8409
2.9781 -0.6085 -0.8418
2.9832 -0.6142 -0.8426
2.9883 -0.6200 -0.8435
2.9934 -0.6257 -0.8443
2.9985 -0.6314 -0.8452
3.0036 -0.6372 -0.8460
3.0087 -0.6430 -0.8469
3.0138 -0.6487 -0.8477
3.0189 -0.6545 -0.8485
3.0240 -0.6603 -0.8494
3.0291 -0.6661 -0.8502
3.0342 -0.6719 -0.8510
3.0393 -0.6777 -0.8519
3.0444 -0.6836 -0.8527
3.0495 -0.6894 -0.8535
3.0546 -0.6953 -0.8544
3.0597 -0.7011 -0.8552
3.0648 -0.7070 -0.8560
3.0699 -0.7129 -0.8568
3.0750 -0.7188 -0.8576
3.0801 -0.7247 -0.8585
3.0852 -0.7306 -0.8593
3.0903 -0.7365 -0.8601
3.0954 -0.7424 -0.8609
3.1005 -0.7484 -0.8617
3.1056 -0.7543 -0.8625
3.1107 -0.7603 -0.8633
3.1158 -0.7663 -0.8641
3.1209 -0.7722 -0.8649
3.1260 -0.7782 -0.8657
3.1311 -0.7842 -0.8665
3.1362 -0.7903 -0.8673
3.1413 -0.7963 -0.8681
3.1464 -0.8023 -0.8689
3.1515 -0.8083 -0.8697
3.1566 -0.8144 -0.8705
3.1617 -0.8205 -0.8713
3.1668 -0.8265 -0.8721
3.1719 -0.8326 -0.8729
3.1770 -0.8387 -0.8737
3.1821 -0.8448 -0.8745
3.1872 -0.8509 -0.8753
3.1923 -0.8570 -0.8760
3.1974 -0.8632 -0.8768
3.2025 -0.8693 -0.8776
3.2076 -0.8755 -0.8784
3.2127 -0.8816 -0.8792
3.2178 -0.8878 -0.8799
3.2229 -0.8940 -0.8807
3.2280 -0.9002 -0.8815
3.2331 -0.9064 -0.8822
3.2382 -0.9126 -0.8830
3.2433 -0.9188 -0.8838
3.2485 -0.9250 -0.8846
3.2536 -0.9313 -0.8853
3.2587 -0.9375 -0.8861
3.2638 -0.9438 -0.8868
3.2689 -0.9500 -0.8876
3.2740 -0.9563 -0.8884
3.2791 -0.9626 -0.8891
3.2842 -0.9689 -0.8899
3.2893 -0.9752 -0.8906
3.2944 -0.9816 -0.8914
3.2995 -0.9879 -0.8921
3.3046 -0.9942 -0.8929
3.3097 -1.0006 -0.8936
3.3148 -1.0069 -0.8944
3.3199 -1.0133 -0.8951
3.3251 -1.0197 -0.8959
3.3302 -1.0261 -0.8966
3.3353 -1.0325 -0.8973
3.3404 -1.0389 -0.8981
3.3455 -1.0453 -0.8988
3.3506 -1.0517 -0.8996
3.3557 -1.0582 -0.9003
3.3608 -1.0646 -0.9010
3.3659 -1.0711 -0.9018
3.3710 -1.0776 -0.9025
3.3761 -1.0840 -0.9032
3.3813 -1.0905 -0.9040
3.3864 -1.0970 -0.9047
3.3915 -1.1035 -0.9054
3.3966 -1.1100 -0.9061
3.4017 -1.1166 -0.9069
3.4068 -1.1231 -0.9076
3.4119 -1.1297 -0.9083
3.4170 -1.1362 -0.9090
3.4221 -1.1428 -0.9097
3.4273 -1.1494 -0.9104
3.4324 -1.1560 -0.9112
3.4375 -1.1626 -0.9119
3.4426 -1.1692 -0.9126
3.4477 -1.1758 -0.9133
3.4528 -1.1824 -0.9140
3.4579 -1.1891 -0.9147
3.4630 -1.1957 -0.9154
3.4682 -1.2024 -0.9161
3.4733 -1.2090 -0.9168
3.4784 -1.2157 -0.9175
3.4835 -1.2224 -0.9182
3.4886 -1.2291 -0.9189
3.4937 -1.2358 -0.9196
3.4988 -1.2425 -0.9203
3.5040 -1.2493 -0.9210
3.5091 -1.2560 -0.9217
3.5142 -1.2627 -0.9224
3.5193 -1.2695 -0.9231
3.5244 -1.2763 -0.9238
3.5295 -1.2830 -0.9245
3.5346 -1.2898 -0.9252
3.5398 -1.2966 -0.9259
3.5449 -1.3034 -0.9265
3.5500 -1.3103 -0.9272
3.5551 -1.3171 -0.9279
3.5602 -1.3239 -0.9286
3.5653 -1.3308 -0.9293
3.5705 -1.3376 -0.9299
3.5756 -1.3445 -0.9306
3.5807 -1.3514 -0.9313
3.5858 -1.3583 -0.9320
3.5909 -1.3652 -0.9326
3.5960 -1.3721 -0.9333
3.6012 -1.3790 -0.9340
3.6063 -1.3859 -0.9347
3.6114 -1.3928 -0.9353
3.6165 -1.3998 -0.9360
3.6216 -1.4067 -0.9367
3.6268 -1.4137 -0.9373
3.6319 -1.4207 -0.9380
3.6370 -1.4277 -0.9386
3.6421 -1.4347 -0.9393
3.6472 -1.4417 -0.9400
3.6523 -1.4487 -0.9406
3.6575 -1.4557 -0.9413
3.6626 -1.4628 -0.9419
3.6677 -1.4698 -0.9426
3.6728 -1.4769 -0.9432
3.6779 -1.4839 -0.9439
3.6831 -1.4910 -0.9446
3.6882 -1.4981 -0.9452
3.6933 -1.5052 -0.9458
3.6984 -1.5123 -0.9465
3.7036 -1.5194 -0.9471
3.7087 -1.5265 -0.9478
3.7138 -1.5337 -0.9484
3.7189 -1.5408 -0.9491
3.7240 -1.5480 -0.9497
3.7292 -1.5551 -0.9504
3.7343 -1.5623 -0.9510
3.7394 -1.5695 -0.9516
3.7445 -1.5767 -0.9523
3.7497 -1.5839 -0.9529
3.7548 -1.5911 -0.9535
3.7599 -1.5983 -0.9542
3.7650 -1.6056 -0.9548
3.7701 -1.6128 -0.9554
3.7753 -1.6201 -0.9561
3.7804 -1.6273 -0.9567
3.7855 -1.6346 -0.9573
3.7906 -1.6419 -0.9579
3.7958 -1.6492 -0.9586
3.8009 -1.6565 -0.9592
3.8060 -1.6638 -0.9598
3.8111 -1.6711 -0.9604
3.8163 -1.6785 -0.9611
3.8214 -1.6858 -0.9617
3.8265 -1.6932 -0.9623
3.8316 -1.7005 -0.9629
3.8368 -1.7079 -0.9635
3.8419 -1.7153 -0.9641
3.8470 -1.7227 -0.9648
3.8521 -1.7301 -0.9654
3.8573 -1.7375 -0.9660
3.8624 -1.7449 -0.9666
3.8675 -1.7524 -0.9672
3.8726 -1.7598 -0.9678
3.8778 -1.7672 -0.9684
3.8829 -1.7747 -0.9690
3.8880 -1.7822 -0.9696
3.8931 -1.7897 -0.9702
3.8983 -1.7972 -0.9708
3.9034 -1.8047 -0.9714
3.9085 -1.8122 -0.9720
3.9137 -1.8197 -0.9726
3.9188 -1.8272 -0.9732
3.9239 -1.8348 -0.9738
3.9290 -1.8423 -0.9744
3.9342 -1.8499 -0.9750
3.9393 -1.8575 -0.9756
3.9444 -1.8650 -0.9762
3.9496 -1.8726 -0.9768
3.9547 -1.8802 -0.9774
3.9598 -1.8878 -0.9780
3.9649 -1.8955 -0.9786
3.9701 -1.9031 -0.9792
3.9752 -1.9107 -0.9797
3.9803 -1.9184 -0.9803
3.9855 -1.9261 -0.9809
3.9906 -1.9337 -0.9815
3.9957 -1.9414 -0.9821
4.0009 -1.9491 -0.9827
4.0060 -1.9568 -0.9832
4.0111 -1.9645 -0.9838
4.0162 -1.9722 -0.9844
4.0214 -1.9800 -0.9850
4.0265 -1.9877 -0.9855
4.0316 -1.9955 -0.9861
4.0368 -2.0032 -0.9867
4.0419 -2.0110 -0.9873
4.0470 -2.0188 -0.9878
4.0522 -2.0266 -0.9884
4.0573 -2.0344 -0.9890
4.0624 -2.0422 -0.9895
4.0676 -2.0500 -0.9901
4.0727 -2.0578 -0.9907
4.0778 -2.0657 -0.9912
4.0830 -2.0735 -0.9918
4.0881 -2.0814 -0.9924
4.0932 -2.0892 -0.9929
4.0984 -2.0971 -0.9935
4.1035 -2.1050 -0.9941
4.1086 -2.1129 -0.9946
4.1138 -2.1208 -0.9952
4.1189 -2.1287 -0.9957
4.1240 -2.1367 -0.9963
4.1292 -2.1446 -0.9968
4.1343 -2.1526 -0.9974
4.1394 -2.1605 -0.9979
4.1446 -2.1685 -0.9985
4.1497 -2.1765 -0.9991
4.1548 -2.1844 -0.9996
4.1600 -2.1924 -1.0002
4.1651 -2.2005 -1.0007
4.1702 -2.2085 -1.0013
4.1754 -2.2165 -1.0018
4.1805 -2.2245 -1.0023
4.1857 -2.2326 -1.0029
4.1908 -2.2406 -1.0034
4.1959 -2.2487 -1.0040
4.2011 -2.2568 -1.0045
4.2062 -2.2649 -1.0051
4.2113 -2.2730 -1.0056
4.2165 -2.2811 -1.0062
4.2216 -2.2892 -1.0067
4.2267 -2.2973 -1.0072
4.2319 -2.3055 -1.0078
4.2370 -2.3136 -1.0083
4.2422 -2.3218 -1.0088
4.2473 -2.3299 -1.0094
4.2524 -2.3381 -1.0099
4.2576 -2.3463 -1.0104
4.2627 -2.3545 -1.0110
4.2678 -2.3627 -1.0115
4.2730 -2.3709 -1.0120
4.2781 -2.3791 -1.0126
4.2833 -2.3874 -1.0131
4.2884 -2.3956 -1.0136
4.2935 -2.4039 -1.0142
4.2987 -2.4121 -1.0147
4.3038 -2.4204 -1.0152
4.3090 -2.4287 -1.0157
4.3141 -2.4370 -1.0162
4.3192 -2.4453 -1.0168
4.3244 -2.4536 -1.0173
4.3295 -2.4619 -1.0178
4.3347 -2.4703 -1.0183
4.3398 -2.4786 -1.0188
4.3449 -2.4870 -1.0194
4.3501 -2.4953 -1.0199
4.3552 -2.5037 -1.0204
4.3604 -2.5121 -1.0209
4.3655 -2.5205 -1.0214
4.3706 -2.5289 -1.0219
4.3758 -2.5373 -1.0224
4.3809 -2.5457 -1.0229
4.3861 -2.5542 -1.0234
4.3912 -2.5626 -1.0239
4.3964 -2.5711 -1.0244
4.4015 -2.5795 -1.0250
4.4066 -2.5880 -1.0255
4.4118 -2.5965 -1.0260
4.4169 -2.6050 -1.0265
4.4221 -2.6135 -1.0269
4.4272 -2.6220 -1.0274
4.4324 -2.6305 -1.0279
4.4375 -2.6391 -1.0284
4.4426 -2.6476 -1.0289
4.4478 -2.6562 -1.0294
4.4529 -2.6647 -1.0299
4.4581 -2.6733 -1.0304
4.4632 -2.6819 -1.0309
4.4684 -2.6905 -1.0314
4.4735 -2.6991 -1.0319
4.4787 -2.7077 -1.0324
4.4838 -2.7163 -1.0328
4.4890 -2.7249 -1.0333
4.4941 -2.7336 -1.0338
4.4992 -2.7422 -1.0343
4.5044 -2.7509 -1.0348
4.5095 -2.7596 -1.0353
4.5147 -2.7683 -1.0358
4.5198 -2.7770 -1.0362
4.5250 -2.7857 -1.0367
4.5301 -2.7944 -1.0372
4.5353 -2.8031 -1.0377
4.5404 -2.8118 -1.0382
4.5456 -2.8206 -1.0387
4.5507 -2.8293 -1.0392
4.5558 -2.8381 -1.0396
4.5610 -2.8468 -1.0401
4.5661 -2.8556 -1.0406
4.5713 -2.8644 -1.0411
4.5764 -2.8732 -1.0416
4.5816 -2.8820 -1.0421
4.5867 -2.8908 -1.0426
4.5919 -2.8997 -1.0431
4.5970 -2.9085 -1.0436
4.6021 -2.9173 -1.0441
4.6073 -2.9262 -1.0446
4.6124 -2.9351 -1.0451
4.6176 -2.9439 -1.0456
4.6227 -2.9528 -1.0461
4.6279 -2.9617 -1.0466
4.6330 -2.9706 -1.0471
4.6381 -2.9795 -1.0476
4.6433 -2.9885 -1.0481
4.6484 -2.9974 -1.0486
4.6536 -3.0064 -1.0491
4.6587 -3.0153 -1.0496
4.6639 -3.0243 -1.0501
4.6690 -3.0332 -1.0506
4.6742 -3.0422 -1.0511
4.6793 -3.0512 -1.0516
4.6844 -3.0602 -1.0520
4.6896 -3.0692 -1.0525
4.6947 -3.0783 -1.0530
4.6999 -3.0873 -1.0535
4.7050 -3.0964 -1.0540
4.7102 -3.1054 -1.0544
4.7153 -3.1145 -1.0549
4.7205 -3.1236 -1.0554
4.7256 -3.1326 -1.0558
4.7308 -3.1417 -1.0563
4.7359 -3.1508 -1.0567
4.7411 -3.1600 -1.0571
4.7462 -3.1691 -1.0575
4.7514 -3.1782 -1.0580
4.7566 -3.1874 -1.0584
4.7617 -3.1965 -1.0588
4.7669 -3.2057 -1.0592
4.7721 -3.2149 -1.0595
4.7772 -3.2241 -1.0599
4.7824 -3.2333 -1.0603
4.7876 -3.2425 -1.0606
4.7927 -3.2517 -1.0610
4.7979 -3.2610 -1.0613
4.8031 -3.2702 -1.0616
4.8082 -3.2795 -1.0619
4.8134 -3.2888 -1.0622
4.8186 -3.2980 -1.0625
4.8238 -3.3073 -1.0628
4.8290 -3.3166 -1.0631
4.8342 -3.3259 -1.0634
4.8393 -3.3353 -1.0636
4.8445 -3.3446 -1.0639
4.8497 -3.3539 -1.0642
4.8549 -3.3633 -1.0644
4.8601 -3.3726 -1.0647
4.8653 -3.3820 -1.0650
4.8704 -3.3914 -1.0652
4.8756 -3.4008 -1.0655
4.8808 -3.4102 -1.0658
4.8860 -3.4196 -1.0661
4.8912 -3.4290 -1.0664
4.8963 -3.4384 -1.0668
4.9015 -3.4478 -1.0671
4.9067 -3.4573 -1.0675
4.9118 -3.4667 -1.0679
4.9170 -3.4762 -1.0683
4.9221 -3.4856 -1.0687
4.9273 -3.4951 -1.0692
4.9324 -3.5046 -1.0697
4.9376 -3.5141 -1.0703
4.9427 -3.5236 -1.0709
4.9478 -3.5330 -1.0715
4.9529 -3.5425 -1.0722
4.9580 -3.5520 -1.0729
4.9631 -3.5615 -1.0737
4.9682 -3.5711 -1.0745
4.9733 -3.5806 -1.0754
4.9783 -3.5901 -1.0763
4.9834 -3.5996 -1.0773
4.9884 -3.6092 -1.0783
4.9934 -3.6187 -1.0794
4.9985 -3.6282 -1.0805
5.0035 -3.6378 -1.0817
5.0085 -3.6473 -1.0829
5.0135 -3.6569 -1.0842
5.0185 -3.6664 -1.0855
5.0235 -3.6760 -1.0869
5.0284 -3.6856 -1.0883
5.0334 -3.6952 -1.0897
5.0384 -3.7047 -1.0912
5.0433 -3.7143 -1.0927
5.0483 -3.7239 -1.0941
5.0532 -3.7336 -1.0956
5.0582 -3.7432 -1.0971
5.0632 -3.7528 -1.0985
5.0681 -3.7625 -1.0999
5.0731 -3.7721 -1.1013
